#         t          x          y          z         vx         vy         vz
      0.000    -98.530   -120.010   -127.760    -29.130    173.810     93.530
      0.100   -101.063   -102.206   -117.938    -21.538    182.262    102.911
      0.200   -102.739    -83.544   -107.116    -11.970    190.983    113.522
      0.300   -103.325    -64.008    -95.162      0.246    199.730    125.574
      0.400   -102.511    -43.622    -81.921     16.042    207.990    139.244
      0.500    -99.876    -22.487    -67.231     36.653    214.723    154.548
      0.600    -94.869     -0.854    -50.954     63.490    217.939    171.001
      0.700    -86.824     20.754    -33.057     97.401    214.225    186.927
      0.800    -75.122     41.424    -13.779    136.640    199.159    198.627
      0.900    -59.568     59.918      6.212    174.439    170.719    201.207
      1.000    -40.768     75.164     25.879    201.561    134.206    192.121
      1.100    -19.939     86.789     44.297    215.020     98.300    176.255
      1.200      1.715     95.101     61.033    218.062     67.935    158.459
      1.300     23.367    100.691     76.030    214.981     43.879    141.475
      1.400     44.555    104.144     89.417    208.778     25.173    126.266
      1.500     65.052    105.932    101.378    201.168     10.588    112.948
      1.600     84.764    106.416    112.092    193.059     -0.905    101.340
      1.700    103.662    105.867    121.719    184.913    -10.083     91.191
      1.800    121.756    104.487    130.391    176.957    -17.507     82.261
      1.900    139.069    102.433    138.221    169.296    -23.585     74.344
      2.000    155.632     99.823    145.302    161.970    -28.613     67.274
      2.100    171.480     96.752    151.712    154.985    -32.810     60.913
      2.200    186.645     93.294    157.515    148.331    -36.342     55.152
      2.300    201.161     89.510    162.768    141.989    -39.331     49.901
      2.400    215.058     85.450    167.517    135.938    -41.875     45.087
      2.500    228.362     81.154    171.804    130.155    -44.047     40.651
      2.600    241.101     76.656    175.664    124.619    -45.908     36.544
      2.700    253.297     71.986    179.127    119.309    -47.505     32.725
      2.800    264.973     67.167    182.221    114.205    -48.875     29.159
      2.900    276.148     62.220    184.970    109.291    -50.050     25.817
      3.000    286.840     57.165    187.395    104.550    -51.056     22.675
      3.100    297.066     52.017    189.514     99.968    -51.912     19.711
      3.200    306.841     46.789    191.345     95.532    -52.638     16.908
      3.300    316.179     41.495    192.903     91.230    -53.248     14.249
      3.400    325.093     36.145    194.201     87.050    -53.754     11.721
      3.500    333.595     30.749    195.253     82.984    -54.167      9.312
      3.600    341.695     25.316    196.069     79.021    -54.496      7.011
      3.700    349.404     19.853    196.660     75.154    -54.748      4.810
      3.800    356.730     14.369    197.036     71.375    -54.932      2.699
      3.900    363.683      8.870    197.204     67.678    -55.051      0.672
      4.000    370.270      3.362    197.174     64.055    -55.111     -1.279
      4.100    376.497     -2.149    196.952     60.501    -55.117     -3.158
      4.200    382.373     -7.659    196.546     57.010    -55.072     -4.971
      4.300    387.902    -13.161    195.961     53.578    -54.979     -6.724
      4.400    393.091    -18.652    195.204     50.199    -54.842     -8.419
      4.500    397.945    -24.127    194.280     46.870    -54.661    -10.061
      4.600    402.467    -29.583    193.194     43.585    -54.441    -11.655
      4.700    406.664    -35.014    191.951     40.341    -54.182    -13.201
      4.800    410.537    -40.417    190.556     37.135    -53.886    -14.705
      4.900    414.092    -45.789    189.012     33.963    -53.555    -16.168
      5.000    417.332    -51.126    187.324     30.821    -53.188    -17.593
      5.100    420.258    -56.425    185.495     27.706    -52.788    -18.982
      5.200    422.874    -61.682    183.529     24.615    -52.355    -20.338
      5.300    425.182    -66.895    181.429     21.546    -51.890    -21.661
      5.400    427.184    -72.059    179.199     18.495    -51.393    -22.955
      5.500    428.882    -77.172    176.840     15.460    -50.864    -24.220
      5.600    430.277    -82.230    174.356     12.438    -50.303    -25.458
      5.700    431.370    -87.230    171.750      9.425    -49.710    -26.670
      5.800    432.162    -92.170    169.023      6.421    -49.086    -27.858
      5.900    432.654    -97.046    166.179      3.422    -48.430    -29.023
      6.000    432.847   -101.855    163.220      0.426    -47.741    -30.166
      6.100    432.739   -106.593    160.147     -2.571    -47.020    -31.288
      6.200    432.332   -111.257    156.963     -5.570    -46.265    -32.390
      6.300    431.625   -115.844    153.670     -8.573    -45.475    -33.472
      6.400    430.617   -120.350    150.270    -11.584    -44.650    -34.536
      6.500    429.308   -124.772    146.764    -14.606    -43.789    -35.582
      6.600    427.696   -129.106    143.154    -17.640    -42.890    -36.611
      6.700    425.779   -133.348    139.442    -20.689    -41.953    -37.623
      6.800    423.557   -137.495    135.630    -23.756    -40.974    -38.620
      6.900    421.027   -141.541    131.719    -26.845    -39.954    -39.600
      7.000    418.187   -145.483    127.711    -29.957    -38.890    -40.565
      7.100    415.034   -149.317    123.607    -33.096    -37.779    -41.514
      7.200    411.566   -153.037    119.409    -36.266    -36.620    -42.449
      7.300    407.779   -156.638    115.118    -39.469    -35.409    -43.369
      7.400    403.670   -160.116    110.736    -42.709    -34.144    -44.273
      7.500    399.236   -163.464    106.264    -45.989    -32.822    -45.163
      7.600    394.470   -166.677    101.704    -49.314    -31.439    -46.037
      7.700    389.370   -169.749     97.057    -52.688    -29.991    -46.896
      7.800    383.930   -172.672     92.326    -56.115    -28.474    -47.739
      7.900    378.144   -175.440     87.511    -59.600    -26.882    -48.564
      8.000    372.007   -178.044     82.614    -63.147    -25.210    -49.372
      8.100    365.512   -180.478     77.637    -66.763    -23.452    -50.162
      8.200    358.651   -182.730     72.582    -70.453    -21.602    -50.931
      8.300    351.417   -184.793     67.452    -74.224    -19.650    -51.679
      8.400    343.802   -186.655     62.248    -78.082    -17.588    -52.403
      8.500    335.796   -188.304     56.973    -82.036    -15.407    -53.101
      8.600    327.389   -189.730     51.629    -86.092    -13.095    -53.770
      8.700    318.572   -190.916     46.220    -90.260    -10.639    -54.406
      8.800    309.331   -191.849     40.750    -94.551     -8.023    -55.006
      8.900    299.655   -192.512     35.221    -98.974     -5.232    -55.563
      9.000    289.529   -192.886     29.639   -103.542     -2.244    -56.072
      9.100    278.939   -192.950     24.010   -108.267      0.963    -56.525
      9.200    267.867   -192.681     18.338   -113.165      4.417    -56.912
      9.300    256.296   -192.053     12.631   -118.251      8.150    -57.220
      9.400    244.207   -191.035      6.898   -123.542     12.200    -57.435
      9.500    231.577   -189.594      1.150   -129.058     16.613    -57.539
      9.600    218.383   -187.691     -4.601   -134.819     21.444    -57.484
      9.700    204.599   -185.281    -10.339   -140.847     26.760    -57.258
      9.800    190.199   -182.311    -16.043   -147.165     32.642    -56.822
      9.900    175.151   -178.720    -21.690   -153.794     39.192    -56.122
     10.000    159.424   -174.433    -27.250   -160.754     46.539    -55.085
     10.100    142.983   -169.364    -32.685   -168.059     54.844    -53.615
