[0.00000000e+00 0.00000000e+00 0.00000000e+00 3.84176000e+07
 3.84176000e+07 3.84176000e+07 2.68923200e+08 3.84176000e+08
 5.37846400e+08 6.14681600e+08 8.45187200e+08 9.22022400e+08
 1.19094560e+09 1.22936320e+09 1.26778080e+09 1.42145120e+09
 1.57512160e+09 1.88246240e+09 2.15138560e+09 2.34347360e+09
 2.53556160e+09 2.80448480e+09 3.07340800e+09 3.41916640e+09
 3.53441920e+09 3.88017760e+09 4.03384800e+09 4.37960640e+09
 4.61011200e+09 4.87903520e+09 5.34004640e+09 5.72422240e+09
 5.91631040e+09 6.22365120e+09 6.60782720e+09 6.79991520e+09
 7.03042080e+09 7.29934400e+09 7.87560800e+09 8.25978400e+09
 8.45187200e+09 8.98971840e+09 9.41231200e+09 9.91174080e+09
 1.01422464e+10 1.05648400e+10 1.09490160e+10 1.11795216e+10
 1.18710384e+10 1.24088848e+10 1.30235664e+10 1.32924896e+10
 1.36382480e+10 1.40224240e+10 1.43297648e+10 1.46755232e+10
 1.50212816e+10 1.52517872e+10 1.57512160e+10 1.61353920e+10
 1.66348208e+10 1.70189968e+10 1.74031728e+10 1.79794368e+10
 1.82867776e+10 1.87093712e+10 1.92856352e+10 2.00155696e+10
 2.02844928e+10 2.08223392e+10 2.12833504e+10 2.18980320e+10
 2.22822080e+10 2.28584720e+10 2.34731536e+10 2.40494176e+10
 2.44335936e+10 2.50098576e+10 2.53556160e+10 2.57782096e+10
 2.63544736e+10 2.68923200e+10 2.73149136e+10 2.80448480e+10
 2.85442768e+10 2.91589584e+10 2.97736400e+10 3.03114864e+10
 3.06956624e+10 3.12335088e+10 3.19634432e+10 3.24628720e+10
 3.30007184e+10 3.36154000e+10 3.41916640e+10 3.47295104e+10
 3.54978624e+10 3.61893792e+10 3.69193136e+10 3.77645008e+10
 3.84176000e+10 3.92627872e+10 3.99543040e+10 4.05689856e+10
 4.12605024e+10 4.21056896e+10 4.26819536e+10 4.32966352e+10
 4.38728992e+10 4.46412512e+10 4.51406800e+10 4.60242848e+10
 4.67542192e+10 4.75994064e+10 4.83293408e+10 4.92129456e+10
 4.99812976e+10 5.05575616e+10 5.10954080e+10 5.19790128e+10
 5.25168592e+10 5.31315408e+10 5.39767280e+10 5.43224864e+10
 5.50524208e+10 5.58976080e+10 5.65507072e+10 5.72806416e+10
 5.79337408e+10 5.87020928e+10 5.94320272e+10 6.00467088e+10
 6.08534784e+10 6.17755008e+10 6.23901824e+10 6.30816992e+10
 6.37347984e+10 6.45031504e+10 6.51178320e+10 6.60782720e+10
 6.68082064e+10 6.74997232e+10 6.81144048e+10 6.89211744e+10
 6.96895264e+10 7.04578784e+10 7.14567360e+10 7.23403408e+10
 7.32239456e+10 7.41843856e+10 7.53369136e+10 7.61052656e+10
 7.69888704e+10 7.75267168e+10 7.80261456e+10 7.87944976e+10
 7.96012672e+10 8.03312016e+10 8.11763888e+10 8.17526528e+10
 8.25210048e+10 8.32893568e+10 8.42497968e+10 8.52486544e+10
 8.62090944e+10 8.71695344e+10 8.78610512e+10 8.87446560e+10
 8.94745904e+10 9.08576240e+10 9.16643936e+10 9.29705920e+10
 9.37773616e+10 9.45072960e+10 9.56214064e+10 9.66586816e+10
 9.73117808e+10 9.82338032e+10 9.93094960e+10 1.00154683e+11
 1.00846200e+11 1.01576134e+11 1.02344486e+11 1.03266509e+11
 1.04111696e+11 1.04956883e+11 1.05725235e+11 1.06839346e+11
 1.07569280e+11 1.08376050e+11 1.09374907e+11 1.09912754e+11
 1.10796358e+11 1.11487875e+11 1.12025722e+11 1.12717238e+11
 1.13524008e+11 1.14676536e+11 1.15713811e+11 1.16597416e+11
 1.17058427e+11 1.17865197e+11 1.18518296e+11 1.19632406e+11
 1.20477594e+11 1.21438034e+11 1.22206386e+11 1.23205243e+11
 1.24319354e+11 1.25318211e+11 1.26086563e+11 1.26854915e+11
 1.27738520e+11 1.28353202e+11 1.29467312e+11 1.30197246e+11
 1.30965598e+11 1.31926038e+11 1.32732808e+11 1.33846918e+11
 1.34653688e+11 1.35652546e+11 1.36689821e+11 1.37535008e+11
 1.38956459e+11 1.39955317e+11 1.40646834e+11 1.41376768e+11
 1.42068285e+11 1.42529296e+11 1.43220813e+11 1.43758659e+11
 1.45026440e+11 1.45948462e+11 1.46639979e+11 1.47408331e+11
 1.48676112e+11 1.49329211e+11 1.50135981e+11 1.51250091e+11
 1.52018443e+11 1.52594707e+11 1.53324642e+11 1.54131411e+11
 1.55245522e+11 1.56474885e+11 1.57358490e+11 1.58011589e+11
 1.58972029e+11 1.59740381e+11 1.60777656e+11 1.61584426e+11
 1.62506448e+11 1.63505306e+11 1.64504163e+11 1.65695109e+11
 1.66655549e+11 1.67154978e+11 1.67808077e+11 1.68307506e+11
 1.69267946e+11 1.70266803e+11 1.71150408e+11 1.72187683e+11
 1.73109706e+11 1.74223816e+11 1.74876915e+11 1.75568432e+11
 1.76720960e+11 1.77450894e+11 1.78296082e+11 1.79141269e+11
 1.80024874e+11 1.80831643e+11 1.81715248e+11 1.82637270e+11
 1.83482458e+11 1.84327645e+11 1.85326502e+11 1.86286942e+11
 1.87324218e+11 1.88476746e+11 1.89437186e+11 1.90243955e+11
 1.91050725e+11 1.92011165e+11 1.93010022e+11 1.94162550e+11
 1.94930902e+11 1.95622419e+11 1.96506024e+11 1.97504882e+11
 1.98273234e+11 1.99041586e+11 1.99694685e+11 2.00770378e+11
 2.01615565e+11 2.02422334e+11 2.03651698e+11] solMass
