[0.00000000e+00 0.00000000e+00 0.00000000e+00 3.84176000e+07
 3.84176000e+07 3.84176000e+07 2.68923200e+08 3.84176000e+08
 5.37846400e+08 6.53099200e+08 8.45187200e+08 9.22022400e+08
 1.19094560e+09 1.22936320e+09 1.26778080e+09 1.45986880e+09
 1.57512160e+09 1.88246240e+09 2.15138560e+09 2.34347360e+09
 2.53556160e+09 2.80448480e+09 3.07340800e+09 3.41916640e+09
 3.53441920e+09 3.88017760e+09 4.03384800e+09 4.37960640e+09
 4.61011200e+09 4.87903520e+09 5.34004640e+09 5.72422240e+09
 5.91631040e+09 6.22365120e+09 6.60782720e+09 6.79991520e+09
 7.03042080e+09 7.26092640e+09 7.87560800e+09 8.25978400e+09
 8.49028960e+09 8.98971840e+09 9.41231200e+09 9.95015840e+09
 1.01422464e+10 1.05264224e+10 1.09490160e+10 1.12179392e+10
 1.18710384e+10 1.24088848e+10 1.29851488e+10 1.33309072e+10
 1.36382480e+10 1.40224240e+10 1.43297648e+10 1.46755232e+10
 1.50212816e+10 1.52517872e+10 1.57512160e+10 1.61738096e+10
 1.65964032e+10 1.70574144e+10 1.74031728e+10 1.78641840e+10
 1.82483600e+10 1.87093712e+10 1.92856352e+10 2.00155696e+10
 2.02460752e+10 2.08223392e+10 2.13217680e+10 2.18980320e+10
 2.22822080e+10 2.28584720e+10 2.34731536e+10 2.40494176e+10
 2.44335936e+10 2.50098576e+10 2.53556160e+10 2.57397920e+10
 2.63544736e+10 2.68923200e+10 2.73149136e+10 2.80448480e+10
 2.85442768e+10 2.91589584e+10 2.97352224e+10 3.03114864e+10
 3.06572448e+10 3.11950912e+10 3.20018608e+10 3.24628720e+10
 3.30007184e+10 3.36538176e+10 3.41916640e+10 3.47295104e+10
 3.54594448e+10 3.61893792e+10 3.69193136e+10 3.78029184e+10
 3.84176000e+10 3.92627872e+10 3.99543040e+10 4.05305680e+10
 4.12605024e+10 4.21056896e+10 4.26819536e+10 4.32966352e+10
 4.38728992e+10 4.46796688e+10 4.51790976e+10 4.60242848e+10
 4.67542192e+10 4.75994064e+10 4.83677584e+10 4.92513632e+10
 4.99428800e+10 5.05959792e+10 5.10954080e+10 5.19405952e+10
 5.24016064e+10 5.31315408e+10 5.38998928e+10 5.43609040e+10
 5.50524208e+10 5.58976080e+10 5.65122896e+10 5.72806416e+10
 5.79337408e+10 5.86636752e+10 5.94320272e+10 6.00467088e+10
 6.08534784e+10 6.18139184e+10 6.23901824e+10 6.30816992e+10
 6.37347984e+10 6.45415680e+10 6.51178320e+10 6.60398544e+10
 6.68082064e+10 6.74613056e+10 6.81144048e+10 6.89211744e+10
 6.96895264e+10 7.04962960e+10 7.14951536e+10 7.23787584e+10
 7.32239456e+10 7.41843856e+10 7.52984960e+10 7.61052656e+10
 7.70657056e+10 7.75267168e+10 7.79877280e+10 7.88329152e+10
 1.83482458e+11 1.84289227e+11 1.85326502e+11 1.86325360e+11
 1.87324218e+11 1.88476746e+11 1.89437186e+11 1.90243955e+11
 1.91127560e+11 1.92011165e+11 1.93048440e+11 1.94085715e+11
 1.94930902e+11 1.95622419e+11 1.96544442e+11 1.97504882e+11
 1.98273234e+11 1.99003168e+11 1.99694685e+11 2.00693542e+11
 2.01577147e+11 2.02460752e+11 2.03651698e+11] solMass
